Hello World!
=========
[1][5][7][10][12][15][30]=========
[15][50][70][100][140][200][300]=========
[1][9][10][30][50][60][105]=========
=========
[1][5][7][10][12][15][30]=========
[15][50][70][100][140][200][300]=========
[1][9][10][30][50][60][105]=========
----------



[1][7]
[15][70]
[1][10]

[1][7]
[15][70]
[50][105]


[1][7]
[140][300]
[1][10]

[1][7]
[140][300]
[50][105]



[12][30]
[15][70]
[1][10]

[12][30]
[15][70]
[50][105]


[12][30]
[140][300]
[1][10]

[12][30]
[140][300]
[50][105]
Hello World!
=========
[0][1][2][5][7][10][12][15][30]=========
[15][50][70][100][140][200][300]=========
[1][9][10][30][50][60][105]=========
=========
[0][1][2][5][7][10][12][15][30]=========
[15][50][70][100][140][200][300]=========
[1][9][10][30][50][60][105]=========
----------



[0][2]
[15][70]
[1][10]

[0][2]
[15][70]
[50][105]


[0][2]
[140][300]
[1][10]

[0][2]
[140][300]
[50][105]



[7][12]
[15][70]
[1][10]

[7][12]
[15][70]
[50][105]


[7][12]
[140][300]
[1][10]

[7][12]
[140][300]
[50][105]



[30]
[15][70]
[1][10]

[30]
[15][70]
[50][105]


[30]
[140][300]
[1][10]

[30]
[140][300]
[50][105]
